50 70
50 70
50 30
50 30
51 70
49 70
51 30
49 30
52 70
48 70
52 30
48 30
53 70
47 70
53 30
47 30
54 70
46 70
54 30
46 30
55 70
45 70
55 30
45 30
56 70
44 70
56 30
44 30
57 69
43 69
57 31
43 31
58 69
42 69
58 31
42 31
59 69
41 69
59 31
41 31
60 69
40 69
60 31
40 31
61 69
39 69
61 31
39 31
62 68
38 68
62 32
38 32
63 68
37 68
63 32
37 32
64 68
36 68
64 32
36 32
65 67
35 67
65 33
35 33
66 67
34 67
66 33
34 33
67 66
33 66
67 34
33 34
68 66
32 66
68 34
32 34
69 65
31 65
69 35
31 35
70 65
30 65
70 35
30 35
71 64
29 64
71 36
29 36
72 64
28 64
72 36
28 36
73 63
27 63
73 37
27 37
74 62
26 62
74 38
26 38
75 61
25 61
75 39
25 39
76 60
24 60
76 40
24 40
77 59
23 59
77 41
23 41
77 58
23 58
77 42
23 42
78 57
22 57
78 43
22 43
79 56
21 56
79 44
21 44
79 55
21 55
79 45
21 45
79 54
21 54
79 46
21 46
80 53
20 53
80 47
20 47
80 52
20 52
80 48
20 48
80 51
20 51
80 49
20 49
80 50
20 50
80 50
20 50
